$ANSIBLE_VAULT;1.1;AES256
37373832333636356465316166393631663664343166636566326630616365636630663232643463
3033363231613536323939313064623132326235383739610a333738613163336366333532613738
33636139623661343565626461623736326431333361656630333939616438326561356333343238
6237653961396235330a383961396465386439613237636236353732303461386231373033373336
30393766363764393262373961333038313431366530396538343366326636373236633834333232
37646131366437353731636165646531303931636136343961666661373435373566363832363034
65353037316438396335343234643865646130386238353865633531343738333536633435393835
38336266613839306336336630333336306262616632366234336566623231333466666230303632
62393237303532613534373134343865373263323138643837363262643538626161313262656563
32323835343662386132343966643236616331613632663763626565333537653732393735313236
62653138656365316235303665363430363166333164393733373465363562656263313135656632
30353965613337653761613830633930356366626664366633353261373439323034323732623530
63373932633030346539353335623665646566636566636664616166386136343133616161653933
30313266363531646535356161393661666131376263346339303661666333613866353031616631
61336663353937336662333938646463383333636130633761396232306632623031663332373039
65316433383931616334333964303861333563623663316364303262306232313533356466643165
66393438356261653138393866363961363536383633323833343764623430623935326466333265
39363361363962656531646461656532626665343966383264613134303934623864633233633332
63336238336630353734643038386235393132326236343430343665643732396162306335616164
62393632313934663236613838613738333463636239396132646530656635633636633332353634
63343631643931646334326365353137383034643864623439616332366162343262643236663838
61323862663631386232623563636561393562323561666435333630353938633665386630323231
64623233313762396664666230373136346561323265343935373435343862336433373764633666
65613361636462333337383335626433326332643235613861353561303234646532613430653835
38376163396430396663633964643335646137383963343661393335366666623238343963653430
39353036386235313062633364333831363763316430316234643465336535616332346533323837
65346266333231303835376334386433643830646539306234616664623534356231313837336265
36333230656263393261636162613337376437313931333930386463363864336233316539613836
33363138633939313431396432323464366638393435633730366635313563643161323365383761
61626631313664316665346631623066613262653466346231623730653931616362303536626230
34333062353362303238633337383430613934306432386334616363333737373032343266396361
34613463663833623035313731626565646130616166393365663030336165373034396131636234
39616635663938373962633366306261353231663963663865666263613961383963386562633861
33383363386662646664346530326433326666396637383037316236623666643636376261613962
33343031346135633836303138363262343433633362313964616237653262396636333130663561
66623835326561343034376464663463666639346331623063633637656331633262303531366638
66353333363038623638383231383639336231383630623935383065666161383733303361383563
38336238336136633035663236623264323166616231316136333132333834643932356636623237
64386664653434626435363737306663636363386466333864626230363731376132356238383065
35363530313636323065373963643366613939613236346634643438346233373631396365313261
31313832633366663465646435343061343439623734376130323362356361386334663835616161
38323335316663626434636664303364613431333430353039343433633735363235373432623139
62623936303834366139316165336466313265636336336134336161373336643863383539646562
37653030323735343066313535313864306234343639613937613230336539303762363632333466
31333766373931653065626137646431346239313037336334633662346232613238626239643934
64376134663466323035333431323066613337653132383433653266326130653734363163656438
32333733643562336335316364393062323730313661643935356264363931376465333532326464
61363865636232306432636633653637656234663163663032313336363837623666633361616332
34653632633233326366333630323834633035346265353936333636396537663664386664306231
35663036666163383365316437646234313132333731636632663933383863356334633435633330
34383464333461343565333131333766353764376335626166366331623761653361333230613739
32383564383737653932623539633361303462653430346236306466623362346232343034393037
39643533386534633630356436613365656164366637633030656664386331396638623834363161
31336135663430623762656533393531346436643462613138646434386237636366386533333538
61613264646331653939643235346362306664376630356666653831383764313932646138353439
65356339313437626365363066653235613761383737323465343562376334363764656134373330
33623035626465373039363930616664343864336564303036343265353235633332616165316235
66303535306561353265333035316638636231303039623432376433643765653439626266646339
61636136396139303963313962346230306136373534616463626262306163653236346235363561
63383837333462613066373934393961643961653836636234393364363035353634346362613937
39326564343135376331646531333563303161623266303662373031653239613262616363353264
34336633633433376663323537353830653431613362643436313132353339646463633761653566
30623265643532343830646531313034363230656337613739633065343531626335343062373032
34333461303563303563313062363339633361336432343264623633336366613432326438623330
39636366323935323638393935396338316561643431343562343836626665336465346636653732
36356338306632313838333537613832613335626232653035623163333633343833666536623138
32326638623966326466383762383334366430306339623339383132353834333061613431633330
39663134326236343033376333343932653464373661313466626230336462656136636365613861
35356531316663626133323235376435623437313339636237373561303833303838613132653030
35666365626633386564306666633930623866313930303563646334643531343764363938303936
64343066613334323765383037663036646461326566646266353263383266373236636263333064
64383737616131376165366264356664653230323139663131393035373436353161653032326630
33613366306163643266366331643930623431333530313236343138396361333462663037303964
33353538363164323832656661663561633932353035366662376563386361343530623862623565
62663663323466643965366234303138353365306137646663373639323831666635373538373938
64383466373266336139356232633761353863663833356634373532623364376162616435656334
32623738616461373763396532333661383234326261383031643533633634653765393337326439
34306332623433613232376265316466373861306431356164303539633464363135306565623131
33643139376338386239326631646665323964626532636431616631643334613034373563356639
35373933626630303166393063636261633636653561613931623735346365353030323536626664
34643232353464326239363264656631323465306437336536626631633739316566666132616361
37643238613762326231316234346235343832376330383738366263666562376633346335346633
63636334323834333361633435353364663132623665356132316266663538616664363965326138
63613331653830396664333838313131613734326639656231333531363838303934616563356636
64363565353631666538313363316234666638636138656430643835303939313837656266306237
32343163386364653236373733373731386430303662643033363766643263383266323238666136
34353830646438643634373030336363333132363363396133643838633337363537343434363133
61313739666632306335383666393363623133323965383662616364373062373562383431366230
36633463373538316164316538366166383133636164376236343161653863323830343134343831
33313036326338666132373230396164363038303963373338346337323863626261306364383263
35323339386536326666633966636365353931646338363639623136376261613539363139303635
34653437653366636663656131303766306366353766363332653836613633326635643230613037
32313766326462633732653863393066663261313936373636323236643666363530383164393161
33383661346633343163616234623039623535313638613534613632393466303065623030376165
38653463323037646361653363353264613231636534393639646666353133303362303665396539
32393365346633663434343466613332373664323932636164343465636566373132613737373232
63386138313564393235623235663233653438653663666463323437626439363539333238303065
61626433383261646231383863343866636364373365633064633666623566623130346161386539
35366431383438666435373161343831653336326630333538353731303130316665623136666433
62336663343431313033333239373766626130376531633161633739343966346662613865643261
31633138663938353061303636333438336335346537386133346632333462613433613634393030
64646238303165306262663334643435373764313532623530386634346334646434666662383565
38633663633537373338323832656137346433653739303064623466306264353563313361656161
37616465313430326335343061333839396430326563353632366635303863323964316562626533
62303230363438333038643036303761393235393064356564663434646331323134376437623736
66393965373436303165363730353963633965346330346130363133303336396666343035303236
33666464366563366665653337653834626565303531633865366433366434393762396162386431
66343563643636373238393763636234656537623166626662343465323066656161356165313865
64623339346163623035396533636463643461653563396435333939356466366536633132363538
37376665326266316661646133323138316539346634363366306463656232336136333966323331
37393032393838323761383061303863643231333730346333646532636230626339633238613765
38373138356231343137356465663832383963386330393734363862353731313635326532323631
66346430666662373630353862656134663261363338313166623132636630626164653839386636
34633536613039383436316439306332386463653639363332373136306534323065383635336339
65303333343866306639353833313330653634643533373035653831653937393034393161383237
34313130343739363135343938346664346564653537366534306438633538356634343533646135
61366563383961613930353738653339636130613832323861613437346537333463646335663835
66653765376137313566363138623961323264336166306535633163303134616338363932356463
36353362636631353837623766623765653633346336303766623564613638363364613638643235
34633936643331646266306237626435303237396439316564316165313363323636643331646139
32376235373632383066353338336238653561623666393161363431343661653633623731643563
64306363363265313764313663373865623865396130656330396565303665396465323135643439
31626235623061313531633738383837653731666333383439643439376465326236323938316534
65646633303936663961623738393336643665303237346264326533313965613864393438623531
39333261623634346637616232343634386537663565626165633231633963373662613636393031
33383562386166386466326337343433313833313435633234643362346433396433396339363437
62316334356332313130626132376439393432616432343032613264363832303363616561643063
63306439626266666235316163333863366630313466346264373664306463313065346661666439
62326165613461663566636230303937646333316365373536633033383538396235633262626530
30313766356566396336656336366234303139343538343762636638626431383935623964383464
31313137636663626631646562353530306639383066313134636237363037663932306136346266
61623966623838333838633836656463343434666133656432623434363138653236666433393438
65333466633364363364666335336466643063353330663564313735306362663438316138633834
35323439613962326264346663633430346263646161613534653435313061383462363665653838
663539616533303165623230366136613036
